y =4+6