a=[ 1 2 3 ; 4 5 6 ; 7 8 9 ];
b=[ 7 5 6 ; 2 0 8 ; 5 7 1 ];
c=a+b
d=a-b
e=a/b
f=a\b